{
 "cells": [
  {
   "cell_type": "code",
   "execution_count": 1,
   "metadata": {},
   "outputs": [],
   "source": [
    "import pandas as pd\n",
    "import numpy as np\n",
    "import math\n",
    "\n",
    "import matplotlib.pyplot as plt\n",
    "import seaborn as sns\n",
    "import plotly.express as px\n",
    "import plotly.graph_objects as go\n",
    "sns.set()"
   ]
  },
  {
   "cell_type": "code",
   "execution_count": 3,
   "metadata": {},
   "outputs": [
    {
     "data": {
      "text/html": [
       "<div>\n",
       "<style scoped>\n",
       "    .dataframe tbody tr th:only-of-type {\n",
       "        vertical-align: middle;\n",
       "    }\n",
       "\n",
       "    .dataframe tbody tr th {\n",
       "        vertical-align: top;\n",
       "    }\n",
       "\n",
       "    .dataframe thead th {\n",
       "        text-align: right;\n",
       "    }\n",
       "</style>\n",
       "<table border=\"1\" class=\"dataframe\">\n",
       "  <thead>\n",
       "    <tr style=\"text-align: right;\">\n",
       "      <th></th>\n",
       "      <th>Vacanze</th>\n",
       "      <th>Viaggi</th>\n",
       "      <th>Gita</th>\n",
       "      <th>Google Maps</th>\n",
       "      <th>Traffico</th>\n",
       "      <th>Traffico Milano</th>\n",
       "      <th>Mare</th>\n",
       "      <th>Montagna</th>\n",
       "      <th>Lago Garda</th>\n",
       "      <th>Santo Ambrogio</th>\n",
       "      <th>...</th>\n",
       "      <th>champions league</th>\n",
       "      <th>Partita calcio</th>\n",
       "      <th>Previsioni del tempo</th>\n",
       "      <th>Pioggia</th>\n",
       "      <th>Neve</th>\n",
       "      <th>Meteo</th>\n",
       "      <th>Meteo Agrate</th>\n",
       "      <th>autostrada A4</th>\n",
       "      <th>Pizza</th>\n",
       "      <th>Ristorante</th>\n",
       "    </tr>\n",
       "    <tr>\n",
       "      <th>date</th>\n",
       "      <th></th>\n",
       "      <th></th>\n",
       "      <th></th>\n",
       "      <th></th>\n",
       "      <th></th>\n",
       "      <th></th>\n",
       "      <th></th>\n",
       "      <th></th>\n",
       "      <th></th>\n",
       "      <th></th>\n",
       "      <th></th>\n",
       "      <th></th>\n",
       "      <th></th>\n",
       "      <th></th>\n",
       "      <th></th>\n",
       "      <th></th>\n",
       "      <th></th>\n",
       "      <th></th>\n",
       "      <th></th>\n",
       "      <th></th>\n",
       "      <th></th>\n",
       "    </tr>\n",
       "  </thead>\n",
       "  <tbody>\n",
       "    <tr>\n",
       "      <th>2021-06-01</th>\n",
       "      <td>6.125000</td>\n",
       "      <td>3.708333</td>\n",
       "      <td>3.500000</td>\n",
       "      <td>4.458333</td>\n",
       "      <td>2.000000</td>\n",
       "      <td>1.791667</td>\n",
       "      <td>16.208333</td>\n",
       "      <td>2.333333</td>\n",
       "      <td>0.000000</td>\n",
       "      <td>1.666667</td>\n",
       "      <td>...</td>\n",
       "      <td>3.250000e+00</td>\n",
       "      <td>0.000000</td>\n",
       "      <td>1.250000</td>\n",
       "      <td>2.916667</td>\n",
       "      <td>1.750000</td>\n",
       "      <td>17.333333</td>\n",
       "      <td>2.458333</td>\n",
       "      <td>6.500000</td>\n",
       "      <td>0.000000</td>\n",
       "      <td>13.458333</td>\n",
       "    </tr>\n",
       "    <tr>\n",
       "      <th>2021-06-02</th>\n",
       "      <td>7.458333</td>\n",
       "      <td>5.660714</td>\n",
       "      <td>5.309524</td>\n",
       "      <td>3.386905</td>\n",
       "      <td>5.000000</td>\n",
       "      <td>1.148810</td>\n",
       "      <td>17.755952</td>\n",
       "      <td>3.976190</td>\n",
       "      <td>0.000000</td>\n",
       "      <td>1.142857</td>\n",
       "      <td>...</td>\n",
       "      <td>2.107143e+00</td>\n",
       "      <td>0.000000</td>\n",
       "      <td>4.583333</td>\n",
       "      <td>2.511905</td>\n",
       "      <td>1.107143</td>\n",
       "      <td>19.904762</td>\n",
       "      <td>1.220238</td>\n",
       "      <td>7.690476</td>\n",
       "      <td>0.000000</td>\n",
       "      <td>16.458333</td>\n",
       "    </tr>\n",
       "    <tr>\n",
       "      <th>2021-06-03</th>\n",
       "      <td>7.296171</td>\n",
       "      <td>7.753378</td>\n",
       "      <td>3.229730</td>\n",
       "      <td>3.922297</td>\n",
       "      <td>3.576577</td>\n",
       "      <td>1.246622</td>\n",
       "      <td>18.762387</td>\n",
       "      <td>3.518018</td>\n",
       "      <td>0.000000</td>\n",
       "      <td>5.099099</td>\n",
       "      <td>...</td>\n",
       "      <td>2.132883e+00</td>\n",
       "      <td>0.000000</td>\n",
       "      <td>3.934685</td>\n",
       "      <td>1.894144</td>\n",
       "      <td>1.619369</td>\n",
       "      <td>19.063063</td>\n",
       "      <td>3.575450</td>\n",
       "      <td>5.644144</td>\n",
       "      <td>0.000000</td>\n",
       "      <td>14.800676</td>\n",
       "    </tr>\n",
       "    <tr>\n",
       "      <th>2021-06-04</th>\n",
       "      <td>6.883095</td>\n",
       "      <td>6.715952</td>\n",
       "      <td>3.252381</td>\n",
       "      <td>4.179286</td>\n",
       "      <td>3.975238</td>\n",
       "      <td>1.110714</td>\n",
       "      <td>19.611190</td>\n",
       "      <td>4.105714</td>\n",
       "      <td>0.000000</td>\n",
       "      <td>4.560000</td>\n",
       "      <td>...</td>\n",
       "      <td>3.166190e+00</td>\n",
       "      <td>0.289524</td>\n",
       "      <td>4.034762</td>\n",
       "      <td>4.767143</td>\n",
       "      <td>1.971905</td>\n",
       "      <td>22.666667</td>\n",
       "      <td>2.877381</td>\n",
       "      <td>4.875238</td>\n",
       "      <td>0.000000</td>\n",
       "      <td>14.538333</td>\n",
       "    </tr>\n",
       "    <tr>\n",
       "      <th>2021-06-05</th>\n",
       "      <td>6.716549</td>\n",
       "      <td>5.798389</td>\n",
       "      <td>2.486769</td>\n",
       "      <td>4.803404</td>\n",
       "      <td>2.972685</td>\n",
       "      <td>1.006135</td>\n",
       "      <td>18.208974</td>\n",
       "      <td>3.593043</td>\n",
       "      <td>0.000000</td>\n",
       "      <td>4.786172</td>\n",
       "      <td>...</td>\n",
       "      <td>3.767286e+00</td>\n",
       "      <td>0.344857</td>\n",
       "      <td>3.886790</td>\n",
       "      <td>3.491357</td>\n",
       "      <td>2.513764</td>\n",
       "      <td>27.323944</td>\n",
       "      <td>5.621799</td>\n",
       "      <td>3.878148</td>\n",
       "      <td>0.000000</td>\n",
       "      <td>16.164693</td>\n",
       "    </tr>\n",
       "    <tr>\n",
       "      <th>...</th>\n",
       "      <td>...</td>\n",
       "      <td>...</td>\n",
       "      <td>...</td>\n",
       "      <td>...</td>\n",
       "      <td>...</td>\n",
       "      <td>...</td>\n",
       "      <td>...</td>\n",
       "      <td>...</td>\n",
       "      <td>...</td>\n",
       "      <td>...</td>\n",
       "      <td>...</td>\n",
       "      <td>...</td>\n",
       "      <td>...</td>\n",
       "      <td>...</td>\n",
       "      <td>...</td>\n",
       "      <td>...</td>\n",
       "      <td>...</td>\n",
       "      <td>...</td>\n",
       "      <td>...</td>\n",
       "      <td>...</td>\n",
       "      <td>...</td>\n",
       "    </tr>\n",
       "    <tr>\n",
       "      <th>2022-11-27</th>\n",
       "      <td>2.456444</td>\n",
       "      <td>2.702952</td>\n",
       "      <td>1.177987</td>\n",
       "      <td>10.633998</td>\n",
       "      <td>0.917924</td>\n",
       "      <td>2.933326</td>\n",
       "      <td>3.543927</td>\n",
       "      <td>0.016057</td>\n",
       "      <td>4.135375</td>\n",
       "      <td>0.011938</td>\n",
       "      <td>...</td>\n",
       "      <td>2.499936e-21</td>\n",
       "      <td>3.270222</td>\n",
       "      <td>0.266656</td>\n",
       "      <td>2.779866</td>\n",
       "      <td>5.863150</td>\n",
       "      <td>14.313064</td>\n",
       "      <td>2.907862</td>\n",
       "      <td>0.605121</td>\n",
       "      <td>1.855860</td>\n",
       "      <td>20.735807</td>\n",
       "    </tr>\n",
       "    <tr>\n",
       "      <th>2022-11-28</th>\n",
       "      <td>1.842333</td>\n",
       "      <td>2.568880</td>\n",
       "      <td>0.883490</td>\n",
       "      <td>10.121332</td>\n",
       "      <td>0.688443</td>\n",
       "      <td>3.033328</td>\n",
       "      <td>4.324612</td>\n",
       "      <td>0.012043</td>\n",
       "      <td>3.768198</td>\n",
       "      <td>0.008954</td>\n",
       "      <td>...</td>\n",
       "      <td>1.874952e-21</td>\n",
       "      <td>4.567250</td>\n",
       "      <td>0.199992</td>\n",
       "      <td>2.282817</td>\n",
       "      <td>5.532779</td>\n",
       "      <td>14.495215</td>\n",
       "      <td>4.472563</td>\n",
       "      <td>0.453840</td>\n",
       "      <td>1.391895</td>\n",
       "      <td>19.697688</td>\n",
       "    </tr>\n",
       "    <tr>\n",
       "      <th>2022-11-29</th>\n",
       "      <td>12.861750</td>\n",
       "      <td>18.706660</td>\n",
       "      <td>4.037618</td>\n",
       "      <td>20.320999</td>\n",
       "      <td>6.026749</td>\n",
       "      <td>3.604996</td>\n",
       "      <td>17.373459</td>\n",
       "      <td>12.561115</td>\n",
       "      <td>10.266148</td>\n",
       "      <td>2.787965</td>\n",
       "      <td>...</td>\n",
       "      <td>1.406214e-21</td>\n",
       "      <td>8.725437</td>\n",
       "      <td>5.327077</td>\n",
       "      <td>2.992112</td>\n",
       "      <td>13.339584</td>\n",
       "      <td>16.321411</td>\n",
       "      <td>5.114423</td>\n",
       "      <td>0.767464</td>\n",
       "      <td>4.543921</td>\n",
       "      <td>21.533266</td>\n",
       "    </tr>\n",
       "    <tr>\n",
       "      <th>2022-11-30</th>\n",
       "      <td>20.990062</td>\n",
       "      <td>30.759162</td>\n",
       "      <td>6.517796</td>\n",
       "      <td>28.667832</td>\n",
       "      <td>13.738812</td>\n",
       "      <td>7.630830</td>\n",
       "      <td>27.915511</td>\n",
       "      <td>21.566670</td>\n",
       "      <td>15.272528</td>\n",
       "      <td>3.549307</td>\n",
       "      <td>...</td>\n",
       "      <td>1.054660e-21</td>\n",
       "      <td>11.398245</td>\n",
       "      <td>7.807808</td>\n",
       "      <td>3.244084</td>\n",
       "      <td>20.213022</td>\n",
       "      <td>17.303558</td>\n",
       "      <td>5.294150</td>\n",
       "      <td>1.565181</td>\n",
       "      <td>7.126691</td>\n",
       "      <td>23.441616</td>\n",
       "    </tr>\n",
       "    <tr>\n",
       "      <th>2022-12-01</th>\n",
       "      <td>22.742547</td>\n",
       "      <td>42.319371</td>\n",
       "      <td>4.888347</td>\n",
       "      <td>29.500874</td>\n",
       "      <td>16.054109</td>\n",
       "      <td>11.473123</td>\n",
       "      <td>38.686633</td>\n",
       "      <td>30.425002</td>\n",
       "      <td>18.204396</td>\n",
       "      <td>2.661980</td>\n",
       "      <td>...</td>\n",
       "      <td>7.909953e-22</td>\n",
       "      <td>8.548684</td>\n",
       "      <td>5.855856</td>\n",
       "      <td>3.933063</td>\n",
       "      <td>24.159766</td>\n",
       "      <td>16.227669</td>\n",
       "      <td>3.970613</td>\n",
       "      <td>1.173886</td>\n",
       "      <td>8.095018</td>\n",
       "      <td>22.831212</td>\n",
       "    </tr>\n",
       "  </tbody>\n",
       "</table>\n",
       "<p>549 rows × 28 columns</p>\n",
       "</div>"
      ],
      "text/plain": [
       "              Vacanze     Viaggi      Gita  Google Maps   Traffico  \\\n",
       "date                                                                 \n",
       "2021-06-01   6.125000   3.708333  3.500000     4.458333   2.000000   \n",
       "2021-06-02   7.458333   5.660714  5.309524     3.386905   5.000000   \n",
       "2021-06-03   7.296171   7.753378  3.229730     3.922297   3.576577   \n",
       "2021-06-04   6.883095   6.715952  3.252381     4.179286   3.975238   \n",
       "2021-06-05   6.716549   5.798389  2.486769     4.803404   2.972685   \n",
       "...               ...        ...       ...          ...        ...   \n",
       "2022-11-27   2.456444   2.702952  1.177987    10.633998   0.917924   \n",
       "2022-11-28   1.842333   2.568880  0.883490    10.121332   0.688443   \n",
       "2022-11-29  12.861750  18.706660  4.037618    20.320999   6.026749   \n",
       "2022-11-30  20.990062  30.759162  6.517796    28.667832  13.738812   \n",
       "2022-12-01  22.742547  42.319371  4.888347    29.500874  16.054109   \n",
       "\n",
       "            Traffico Milano       Mare   Montagna  Lago Garda  Santo Ambrogio  \\\n",
       "date                                                                            \n",
       "2021-06-01         1.791667  16.208333   2.333333    0.000000        1.666667   \n",
       "2021-06-02         1.148810  17.755952   3.976190    0.000000        1.142857   \n",
       "2021-06-03         1.246622  18.762387   3.518018    0.000000        5.099099   \n",
       "2021-06-04         1.110714  19.611190   4.105714    0.000000        4.560000   \n",
       "2021-06-05         1.006135  18.208974   3.593043    0.000000        4.786172   \n",
       "...                     ...        ...        ...         ...             ...   \n",
       "2022-11-27         2.933326   3.543927   0.016057    4.135375        0.011938   \n",
       "2022-11-28         3.033328   4.324612   0.012043    3.768198        0.008954   \n",
       "2022-11-29         3.604996  17.373459  12.561115   10.266148        2.787965   \n",
       "2022-11-30         7.630830  27.915511  21.566670   15.272528        3.549307   \n",
       "2022-12-01        11.473123  38.686633  30.425002   18.204396        2.661980   \n",
       "\n",
       "            ...  champions league  Partita calcio  Previsioni del tempo  \\\n",
       "date        ...                                                           \n",
       "2021-06-01  ...      3.250000e+00        0.000000              1.250000   \n",
       "2021-06-02  ...      2.107143e+00        0.000000              4.583333   \n",
       "2021-06-03  ...      2.132883e+00        0.000000              3.934685   \n",
       "2021-06-04  ...      3.166190e+00        0.289524              4.034762   \n",
       "2021-06-05  ...      3.767286e+00        0.344857              3.886790   \n",
       "...         ...               ...             ...                   ...   \n",
       "2022-11-27  ...      2.499936e-21        3.270222              0.266656   \n",
       "2022-11-28  ...      1.874952e-21        4.567250              0.199992   \n",
       "2022-11-29  ...      1.406214e-21        8.725437              5.327077   \n",
       "2022-11-30  ...      1.054660e-21       11.398245              7.807808   \n",
       "2022-12-01  ...      7.909953e-22        8.548684              5.855856   \n",
       "\n",
       "             Pioggia       Neve      Meteo  Meteo Agrate  autostrada A4  \\\n",
       "date                                                                      \n",
       "2021-06-01  2.916667   1.750000  17.333333      2.458333       6.500000   \n",
       "2021-06-02  2.511905   1.107143  19.904762      1.220238       7.690476   \n",
       "2021-06-03  1.894144   1.619369  19.063063      3.575450       5.644144   \n",
       "2021-06-04  4.767143   1.971905  22.666667      2.877381       4.875238   \n",
       "2021-06-05  3.491357   2.513764  27.323944      5.621799       3.878148   \n",
       "...              ...        ...        ...           ...            ...   \n",
       "2022-11-27  2.779866   5.863150  14.313064      2.907862       0.605121   \n",
       "2022-11-28  2.282817   5.532779  14.495215      4.472563       0.453840   \n",
       "2022-11-29  2.992112  13.339584  16.321411      5.114423       0.767464   \n",
       "2022-11-30  3.244084  20.213022  17.303558      5.294150       1.565181   \n",
       "2022-12-01  3.933063  24.159766  16.227669      3.970613       1.173886   \n",
       "\n",
       "               Pizza  Ristorante  \n",
       "date                              \n",
       "2021-06-01  0.000000   13.458333  \n",
       "2021-06-02  0.000000   16.458333  \n",
       "2021-06-03  0.000000   14.800676  \n",
       "2021-06-04  0.000000   14.538333  \n",
       "2021-06-05  0.000000   16.164693  \n",
       "...              ...         ...  \n",
       "2022-11-27  1.855860   20.735807  \n",
       "2022-11-28  1.391895   19.697688  \n",
       "2022-11-29  4.543921   21.533266  \n",
       "2022-11-30  7.126691   23.441616  \n",
       "2022-12-01  8.095018   22.831212  \n",
       "\n",
       "[549 rows x 28 columns]"
      ]
     },
     "execution_count": 3,
     "metadata": {},
     "output_type": "execute_result"
    }
   ],
   "source": [
    "# read df_exogenous\n",
    "df_exogenous = pd.read_csv('df_exogenous.csv', index_col=0)\n",
    "df_exogenous.set_index('date', inplace=True)\n",
    "df_exogenous"
   ]
  },
  {
   "cell_type": "code",
   "execution_count": 15,
   "metadata": {},
   "outputs": [
    {
     "data": {
      "application/vnd.plotly.v1+json": {
       "config": {
        "plotlyServerURL": "https://plot.ly"
       },
       "data": [
        {
         "coloraxis": "coloraxis",
         "hovertemplate": "Exogenous Variables: %{x}<br>Exogenous Variables: %{y}<br>Correlation: %{z}<extra></extra>",
         "name": "0",
         "type": "heatmap",
         "x": [
          "Vacanze",
          "Viaggi",
          "Gita",
          "Google Maps",
          "Traffico",
          "Traffico Milano",
          "Mare",
          "Montagna",
          "Lago Garda",
          "Santo Ambrogio",
          "Halloween",
          "Natale",
          "Pasqua",
          "Ferragosto",
          "Capodanno",
          "Partita milan",
          "Partita inter",
          "Partita juventus",
          "champions league",
          "Partita calcio",
          "Previsioni del tempo",
          "Pioggia",
          "Neve",
          "Meteo",
          "Meteo Agrate",
          "autostrada A4",
          "Pizza",
          "Ristorante"
         ],
         "xaxis": "x",
         "y": [
          "Vacanze",
          "Viaggi",
          "Gita",
          "Google Maps",
          "Traffico",
          "Traffico Milano",
          "Mare",
          "Montagna",
          "Lago Garda",
          "Santo Ambrogio",
          "Halloween",
          "Natale",
          "Pasqua",
          "Ferragosto",
          "Capodanno",
          "Partita milan",
          "Partita inter",
          "Partita juventus",
          "champions league",
          "Partita calcio",
          "Previsioni del tempo",
          "Pioggia",
          "Neve",
          "Meteo",
          "Meteo Agrate",
          "autostrada A4",
          "Pizza",
          "Ristorante"
         ],
         "yaxis": "y",
         "z": [
          [
           1,
           0.44422733980948653,
           0.3081619836029313,
           0.27067927087072713,
           0.30346412551988716,
           0.21319829865001577,
           0.37450128906632435,
           0.37545160834140134,
           0.056428437715827236,
           0.37438685043567177,
           0.13955790683827948,
           0.25177550302595175,
           0.18315283243885228,
           0.09996145388529502,
           0.19249933824302617,
           0.16713283366149226,
           0.13041551085825348,
           0.2081138294516301,
           0.05209887555705433,
           0.22375118110030706,
           0.3122421051486506,
           0.2681014283072438,
           0.24550132170091485,
           0.35490791606383326,
           0.3716844162578278,
           0.1620385740859595,
           0.23330528689617305,
           0.2980124809178297
          ],
          [
           0.44422733980948653,
           1,
           0.27523339171298966,
           0.36880713319626807,
           0.3244449762674006,
           0.4023036394820528,
           0.3124766390723074,
           0.29000482266726135,
           0.15173602354398402,
           0.395881659722751,
           0.25581608026591074,
           0.195457265003753,
           0.13079072387663138,
           0.2665402344195485,
           0.27974936634503467,
           0.27139614404183027,
           0.2678721159180654,
           0.36588648239001237,
           0.07740620274783253,
           0.12321350080052688,
           0.27309713141949593,
           0.25193381705048573,
           0.3986471149208974,
           0.44926909395498604,
           0.35558098636236724,
           0.28335751919095226,
           0.26960550396720384,
           0.4004774077982167
          ],
          [
           0.3081619836029313,
           0.27523339171298966,
           1,
           0.06147327045735566,
           0.136809207305797,
           0.10929984299135909,
           0.2498735590921782,
           0.11154372491215855,
           -0.04485330569198386,
           0.20069402895775995,
           0.13390300574354308,
           0.18462555433478015,
           0.0975234962038458,
           0.16688990565054806,
           0.13160253969635327,
           0.31789905758554793,
           0.031099604396241945,
           0.13981920436868384,
           0.0071062183399146425,
           0.05900769516447451,
           0.3961131477512954,
           0.3070743089625464,
           0.39334537187115864,
           0.34169097943658194,
           0.3820731667518792,
           0.385143864153078,
           0.06627569904092433,
           0.2560062513371117
          ],
          [
           0.27067927087072713,
           0.36880713319626807,
           0.06147327045735566,
           1,
           0.2528378677283787,
           0.22294110181629626,
           0.21475330062622153,
           0.22495632403972718,
           0.4059248697083644,
           0.2692533568302385,
           0.19286986633022288,
           -0.07724730855280096,
           0.2884026845678008,
           0.2044759953990495,
           0.3420512653155946,
           0.15923642310383965,
           0.25925680159256803,
           0.1443635348337993,
           0.0104656956062963,
           0.4249308273543748,
           0.09354444287314935,
           0.23762804544185423,
           0.27790747005776323,
           0.2911864124069461,
           0.2186006287597768,
           0.20780982011088509,
           0.15530947921240498,
           0.32657275156736687
          ],
          [
           0.30346412551988716,
           0.3244449762674006,
           0.136809207305797,
           0.2528378677283787,
           1,
           0.16711093222520768,
           0.38822899329540467,
           0.3187982493355235,
           0.084433273673714,
           0.4154472570626693,
           0.011639818932429108,
           -0.1114444432357559,
           0.2274920451293054,
           0.2718903535230843,
           0.09954210043476526,
           -0.07484852110914095,
           -0.0034153186767761374,
           0.128195851055729,
           0.06660545867916934,
           0.3280497444022435,
           0.18193805954724945,
           -0.008317469296289447,
           0.1040628614734155,
           0.20475275671638002,
           0.1558327078370156,
           0.11139404092377647,
           0.0826781509599792,
           0.2038090368807133
          ],
          [
           0.21319829865001577,
           0.4023036394820528,
           0.10929984299135909,
           0.22294110181629626,
           0.16711093222520768,
           1,
           0.13473524281948357,
           0.17556271099169268,
           0.03138625737783897,
           0.15446604370859487,
           0.3063705971588158,
           -0.013219619915802757,
           0.18487456265987803,
           0.3060014875729248,
           0.3702112908430965,
           0.08664512783694309,
           0.3360293131143915,
           0.2035723998390027,
           -0.035529206145455995,
           0.1732878750376481,
           0.22271925912227455,
           0.09343616855403382,
           0.3454587516906531,
           0.14682809910762526,
           0.3644470793854544,
           0.12537919581116902,
           0.20896275852797,
           0.28515205906135666
          ],
          [
           0.37450128906632435,
           0.3124766390723074,
           0.2498735590921782,
           0.21475330062622153,
           0.38822899329540467,
           0.13473524281948357,
           1,
           0.4909896620869458,
           0.05651093617401239,
           0.4509278739289509,
           -0.09625809961686876,
           0.03874835467272945,
           0.030092458965239766,
           0.1036109732564318,
           0.11805178746904246,
           0.29217320990205997,
           0.05624796487067637,
           0.24449146242852118,
           -0.004915567062270425,
           0.4415055019385322,
           0.2974632044992222,
           0.32750349008814966,
           0.2527817362327354,
           0.19234871147758548,
           0.18186720622522945,
           0.16079599392271404,
           0.15918096087363406,
           0.3885961686990764
          ],
          [
           0.37545160834140134,
           0.29000482266726135,
           0.11154372491215855,
           0.22495632403972718,
           0.3187982493355235,
           0.17556271099169268,
           0.4909896620869458,
           1,
           0.2222669108857453,
           0.33948459103419015,
           0.056432137574556375,
           0.14181158237877156,
           -0.011908954331548968,
           -0.01927474487947887,
           0.11779440933204245,
           0.08339160420768653,
           -0.02113843955892538,
           0.33173199023863137,
           -0.06923000496770988,
           0.396587320851497,
           0.3146791113238403,
           0.26253077623186516,
           0.07684387249302889,
           0.18599337880419609,
           0.07107313411728872,
           0.28231031144277524,
           0.3964033453827242,
           0.4415328829759846
          ],
          [
           0.056428437715827236,
           0.15173602354398402,
           -0.04485330569198386,
           0.4059248697083644,
           0.084433273673714,
           0.03138625737783897,
           0.05651093617401239,
           0.2222669108857453,
           1,
           0.06205309193724483,
           0.3896768530852876,
           -0.24175214013261562,
           0.21189473086107938,
           0.10433880397807051,
           0.2730977828848865,
           0.13749229304196675,
           0.22077385197635743,
           0.27659386809595143,
           -0.2500470246698416,
           0.2239999386982818,
           -0.02050153772559436,
           0.012082343423683277,
           0.08520825149783487,
           0.040551854213739094,
           0.09503238547687452,
           0.09629078613443114,
           0.3588554576976663,
           0.22234433251573446
          ],
          [
           0.37438685043567177,
           0.395881659722751,
           0.20069402895775995,
           0.2692533568302385,
           0.4154472570626693,
           0.15446604370859487,
           0.4509278739289509,
           0.33948459103419015,
           0.06205309193724483,
           1,
           0.06738711191399642,
           0.028554686508497684,
           0.32398203906366646,
           0.2425572744934856,
           0.2418038225983661,
           0.048297380892809876,
           0.2323155692379098,
           0.20148494638861997,
           0.18858826387604657,
           0.17655060911017187,
           0.34727976184001075,
           0.09153270167270407,
           0.2564163593576062,
           0.26070171621685323,
           0.266423502706858,
           0.20174159931249797,
           0.04104906245804941,
           0.1834905957988404
          ],
          [
           0.13955790683827948,
           0.25581608026591074,
           0.13390300574354308,
           0.19286986633022288,
           0.011639818932429108,
           0.3063705971588158,
           -0.09625809961686876,
           0.056432137574556375,
           0.3896768530852876,
           0.06738711191399642,
           1,
           0.14297922791935624,
           0.05101640350749007,
           0.3842886384212169,
           0.4170861723974254,
           0.0808939303803846,
           0.32181514857846016,
           0.28734243680274346,
           -0.30343991209282223,
           0.02937700583291816,
           0.07669533970510396,
           0.1082014556019532,
           0.35339359393073416,
           0.18532736232606034,
           0.29855995908519484,
           0.2300239188005239,
           0.4614658038494777,
           0.19287197019602761
          ],
          [
           0.25177550302595175,
           0.195457265003753,
           0.18462555433478015,
           -0.07724730855280096,
           -0.1114444432357559,
           -0.013219619915802757,
           0.03874835467272945,
           0.14181158237877156,
           -0.24175214013261562,
           0.028554686508497684,
           0.14297922791935624,
           1,
           -0.16728355774843065,
           0.06644921755348737,
           0.1542142497126343,
           0.19529365692342837,
           -0.039586120871271044,
           -0.056869690080172314,
           -0.013457779905069602,
           -0.11821040015159887,
           0.23909464393848742,
           0.309775147671522,
           0.22945844710114185,
           0.1669368810759262,
           0.09829226814029973,
           0.24640573498536883,
           0.11183783986065414,
           0.17786830854917487
          ],
          [
           0.18315283243885228,
           0.13079072387663138,
           0.0975234962038458,
           0.2884026845678008,
           0.2274920451293054,
           0.18487456265987803,
           0.030092458965239766,
           -0.011908954331548968,
           0.21189473086107938,
           0.32398203906366646,
           0.05101640350749007,
           -0.16728355774843065,
           1,
           0.18970050086457432,
           0.1538040802853146,
           -0.08461918585175943,
           0.10002555653641856,
           0.030055835665394857,
           0.4728975252514651,
           0.1293076709139394,
           0.12018265816412796,
           -0.21956422479436274,
           -0.001355642265348327,
           0.18215762146108652,
           0.20124626551134034,
           -0.048587007822761895,
           -0.07304905308005165,
           -0.06843596608207321
          ],
          [
           0.09996145388529502,
           0.2665402344195485,
           0.16688990565054806,
           0.2044759953990495,
           0.2718903535230843,
           0.3060014875729248,
           0.1036109732564318,
           -0.01927474487947887,
           0.10433880397807051,
           0.2425572744934856,
           0.3842886384212169,
           0.06644921755348737,
           0.18970050086457432,
           1,
           0.23483288637893515,
           0.014302037222375902,
           0.26384077076483575,
           0.17723724529913737,
           0.07618228453657197,
           0.14176464092228339,
           0.14028276129371509,
           -0.03932984086649385,
           0.30071975797630407,
           0.2815861435108833,
           0.1946907841365673,
           0.03506184247629871,
           0.07453644307713776,
           0.20547841296488262
          ],
          [
           0.19249933824302617,
           0.27974936634503467,
           0.13160253969635327,
           0.3420512653155946,
           0.09954210043476526,
           0.3702112908430965,
           0.11805178746904246,
           0.11779440933204245,
           0.2730977828848865,
           0.2418038225983661,
           0.4170861723974254,
           0.1542142497126343,
           0.1538040802853146,
           0.23483288637893515,
           1,
           0.19420895565684365,
           0.28496792744967925,
           0.14451046301231774,
           -0.06883788223264112,
           0.026895618399789642,
           0.26977210177640953,
           0.23915730235222876,
           0.46951457859678514,
           0.20740159764450777,
           0.4142707438148386,
           0.2837249846798728,
           0.08982411823427239,
           0.30194161309154727
          ],
          [
           0.16713283366149226,
           0.27139614404183027,
           0.31789905758554793,
           0.15923642310383965,
           -0.07484852110914095,
           0.08664512783694309,
           0.29217320990205997,
           0.08339160420768653,
           0.13749229304196675,
           0.048297380892809876,
           0.0808939303803846,
           0.19529365692342837,
           -0.08461918585175943,
           0.014302037222375902,
           0.19420895565684365,
           1,
           0.15653601952273724,
           0.02360648485573698,
           -0.18683005718305468,
           0.008949638223781808,
           0.36158857934375466,
           0.43370797843216174,
           0.199279210678038,
           0.11955051290698054,
           0.3060549493982544,
           0.3592875506289411,
           0.1677698861618167,
           0.3039915730235223
          ],
          [
           0.13041551085825348,
           0.2678721159180654,
           0.031099604396241945,
           0.25925680159256803,
           -0.0034153186767761374,
           0.3360293131143915,
           0.05624796487067637,
           -0.02113843955892538,
           0.22077385197635743,
           0.2323155692379098,
           0.32181514857846016,
           -0.039586120871271044,
           0.10002555653641856,
           0.26384077076483575,
           0.28496792744967925,
           0.15653601952273724,
           1,
           0.2927228489272285,
           -0.02559697731170748,
           0.14669416288244427,
           0.1340636229471936,
           0.1757962296169787,
           0.3125197892530667,
           0.20099216407221673,
           0.3788150017586418,
           0.1767419075280748,
           0.17096960222608856,
           0.05096239407355837
          ],
          [
           0.2081138294516301,
           0.36588648239001237,
           0.13981920436868384,
           0.1443635348337993,
           0.128195851055729,
           0.2035723998390027,
           0.24449146242852118,
           0.33173199023863137,
           0.27659386809595143,
           0.20148494638861997,
           0.28734243680274346,
           -0.056869690080172314,
           0.030055835665394857,
           0.17723724529913737,
           0.14451046301231774,
           0.02360648485573698,
           0.2927228489272285,
           1,
           -0.03759910943828618,
           0.211173736491908,
           0.03864022539623832,
           0.2806582759508451,
           0.2628526258154115,
           0.427127322041765,
           0.19221556234838513,
           0.21712728578110893,
           0.3687814724686063,
           0.32992287358447464
          ],
          [
           0.05209887555705433,
           0.07740620274783253,
           0.0071062183399146425,
           0.0104656956062963,
           0.06660545867916934,
           -0.035529206145455995,
           -0.004915567062270425,
           -0.06923000496770988,
           -0.2500470246698416,
           0.18858826387604657,
           -0.30343991209282223,
           -0.013457779905069602,
           0.4728975252514651,
           0.07618228453657197,
           -0.06883788223264112,
           -0.18683005718305468,
           -0.02559697731170748,
           -0.03759910943828618,
           1,
           -0.1133834537827811,
           0.09564973656633344,
           -0.07913648873562719,
           -0.12914464738324974,
           0.24286161845812437,
           -0.046351924171715964,
           -0.15796759022557755,
           -0.29597340959890917,
           -0.2541675459875771
          ],
          [
           0.22375118110030706,
           0.12321350080052688,
           0.05900769516447451,
           0.4249308273543748,
           0.3280497444022435,
           0.1732878750376481,
           0.4415055019385322,
           0.396587320851497,
           0.2239999386982818,
           0.17655060911017187,
           0.02937700583291816,
           -0.11821040015159887,
           0.1293076709139394,
           0.14176464092228339,
           0.026895618399789642,
           0.008949638223781808,
           0.14669416288244427,
           0.211173736491908,
           -0.1133834537827811,
           1,
           0.13407567120836286,
           0.16968588624204656,
           0.09043952197138491,
           0.2493430837761189,
           0.1861446717609029,
           -0.031825617560718014,
           0.3280846701746722,
           0.2993037445874629
          ],
          [
           0.3122421051486506,
           0.27309713141949593,
           0.3961131477512954,
           0.09354444287314935,
           0.18193805954724945,
           0.22271925912227455,
           0.2974632044992222,
           0.3146791113238403,
           -0.02050153772559436,
           0.34727976184001075,
           0.07669533970510396,
           0.23909464393848742,
           0.12018265816412796,
           0.14028276129371509,
           0.26977210177640953,
           0.36158857934375466,
           0.1340636229471936,
           0.03864022539623832,
           0.09564973656633344,
           0.13407567120836286,
           1,
           0.37304172513697464,
           0.3420611282140539,
           0.2637381110373811,
           0.48378764309361416,
           0.40633654965352944,
           0.12186036790395399,
           0.3894903564785101
          ],
          [
           0.2681014283072438,
           0.25193381705048573,
           0.3070743089625464,
           0.23762804544185423,
           -0.008317469296289447,
           0.09343616855403382,
           0.32750349008814966,
           0.26253077623186516,
           0.012082343423683277,
           0.09153270167270407,
           0.1082014556019532,
           0.309775147671522,
           -0.21956422479436274,
           -0.03932984086649385,
           0.23915730235222876,
           0.43370797843216174,
           0.1757962296169787,
           0.2806582759508451,
           -0.07913648873562719,
           0.16968588624204656,
           0.37304172513697464,
           1,
           0.3378743278180875,
           0.2789036953234632,
           0.3021990637498595,
           0.3111309336031126,
           0.25786980322640635,
           0.47648931579768006
          ],
          [
           0.24550132170091485,
           0.3986471149208974,
           0.39334537187115864,
           0.27790747005776323,
           0.1040628614734155,
           0.3454587516906531,
           0.2527817362327354,
           0.07684387249302889,
           0.08520825149783487,
           0.2564163593576062,
           0.35339359393073416,
           0.22945844710114185,
           -0.001355642265348327,
           0.30071975797630407,
           0.46951457859678514,
           0.199279210678038,
           0.3125197892530667,
           0.2628526258154115,
           -0.12914464738324974,
           0.09043952197138491,
           0.3420611282140539,
           0.3378743278180875,
           1,
           0.2709874139262676,
           0.45225689949633946,
           0.31318546237775624,
           0.23529969752792526,
           0.25769810102944
          ],
          [
